Tournament: [0.32631250023841857, 0.37210959792137144, 0.2942047965526581, 0.2968944144248962]
Stochastic: [0.32250000357627867, 0.3670137143135071, 0.294248366355896, 0.29503106713294985]

Fitness:[0.32443750381469727, 0.36975343704223634, 0.2955991303920746, 0.29329193115234375]
Cost: [0.3575, 0.4043835473060608, 0.32169934511184695, 0.33440993666648866]

Pop100: [0.33268749952316284, 0.37435617327690124, 0.2962091541290283, 0.30459627747535706]
Pop1000: [0.3238124990463257, 0.3644383668899536, 0.288496732711792, 0.2891925525665283]

Gens100:[0.3358749997615814, 0.38432876706123353, 0.2971241867542267, 0.30683229565620423]
Gens1000:[0.33849999904632566, 0.393095885515213, 0.30531590461730956, 0.32111801743507384]

Mute1:[0.33625, 0.38032877564430234, 0.29834422588348386, 0.29714285969734194]
Mute10:[0.3365625, 0.38153424978256223, 0.29708061218261717, 0.30956521987915037]

